1768.000000
1763.000000
1759.000000
1765.000000
1760.000000
1767.000000
1759.000000
1760.000000
1761.000000
1761.000000
1769.000000
1760.000000
1764.000000
1753.000000
1753.000000
1744.000000
1750.000000
1739.000000
1746.000000
1744.000000
1740.000000
1746.000000
1755.000000
1759.000000
1749.000000
1743.000000
1767.000000
1760.000000
1765.000000
1771.000000
1764.000000
1762.000000
1773.000000
1761.000000
1763.000000
1771.000000
1770.000000
1775.000000
1773.000000
1773.000000
1768.000000
1766.000000
1774.000000
1777.000000
1780.000000
1772.000000
1766.000000
1770.000000
1774.000000
1771.000000
1780.000000
1777.000000
1774.000000
1773.000000
1774.000000
1777.000000
1772.000000
1785.000000
1773.000000
1767.000000
1765.000000
1767.000000
1772.000000
1772.000000
1772.000000
1774.000000
1755.000000
1754.000000
1748.000000
1745.000000
1746.000000
1738.000000
1758.000000
1752.000000
1735.000000
1746.000000
1761.000000
1769.000000
1774.000000
1771.000000
1769.000000
1777.000000
1781.000000
1780.000000
1785.000000
1785.000000
1797.000000
1787.000000
1796.000000
1794.000000
1802.000000
1803.000000
1802.000000
1796.000000
1801.000000
1809.000000
1798.000000
1800.000000
1806.000000
1799.000000
1809.000000
1816.000000
1813.000000
1810.000000
1811.000000
1813.000000
1800.000000
1809.000000
1812.000000
1810.000000
1805.000000
1825.000000
1817.000000
1815.000000
1820.000000
1822.000000
1812.000000
1820.000000
1820.000000
1816.000000
1820.000000
1826.000000
1824.000000
1817.000000
1813.000000
1821.000000
1815.000000
1822.000000
1821.000000
1826.000000
1827.000000
1813.000000
1821.000000
1810.000000
1813.000000
1819.000000
1814.000000
1819.000000
1826.000000
1809.000000
1818.000000
1808.000000
1797.000000
1806.000000
1807.000000
1803.000000
1809.000000
1815.000000
1808.000000
1819.000000
1816.000000
1818.000000
1825.000000
1816.000000
1811.000000
1820.000000
1824.000000
1832.000000
1829.000000
1821.000000
1828.000000
1827.000000
1827.000000
1842.000000
1835.000000
1822.000000
1819.000000
1819.000000
1831.000000
1829.000000
1839.000000
1827.000000
1835.000000
1835.000000
1840.000000
1828.000000
1834.000000
1827.000000
1827.000000
1841.000000
1830.000000
1832.000000
1832.000000
1831.000000
1829.000000
1832.000000
1837.000000
1836.000000
1836.000000
1835.000000
1836.000000
1834.000000
1832.000000
1841.000000
1840.000000
1836.000000
1844.000000
1845.000000
1848.000000
1844.000000
1850.000000
1846.000000
1852.000000
1840.000000
1848.000000
1852.000000
1859.000000
1854.000000
1854.000000
1856.000000
1849.000000
1852.000000
1866.000000
1856.000000
1851.000000
1857.000000
1854.000000
1854.000000
1866.000000
1857.000000
1859.000000
1863.000000
1868.000000
1862.000000
1857.000000
1857.000000
1864.000000
1867.000000
1865.000000
1862.000000
1852.000000
1854.000000
1864.000000
1872.000000
1871.000000
1871.000000
1870.000000
1863.000000
1865.000000
1866.000000
1873.000000
1863.000000
1870.000000
1868.000000
1872.000000
1870.000000
1871.000000
1862.000000
1863.000000
1858.000000
1839.000000
1832.000000
1815.000000
1805.000000
1804.000000
1804.000000
1805.000000
1811.000000
1810.000000
1810.000000
1804.000000
1813.000000
1819.000000
1823.000000
1819.000000
1816.000000
1826.000000
1832.000000
1837.000000
1840.000000
1847.000000
1849.000000
1848.000000
1854.000000
1846.000000
1847.000000
1855.000000
1852.000000
1847.000000
1858.000000
1855.000000
1856.000000
1860.000000
1854.000000
1853.000000
1852.000000
1864.000000
1861.000000
1850.000000
1848.000000
1856.000000
1854.000000
1855.000000
1859.000000
1846.000000
1839.000000
1838.000000
1851.000000
1852.000000
1841.000000
1853.000000
1856.000000
1835.000000
1848.000000
1860.000000
1855.000000
1867.000000
1860.000000
1869.000000
1871.000000
1866.000000
1871.000000
1868.000000
1878.000000
1865.000000
1879.000000
1861.000000
1894.000000
1880.000000
1877.000000
1864.000000
1872.000000
1863.000000
1859.000000
1856.000000
1855.000000
1857.000000
1868.000000
1873.000000
1860.000000
1859.000000
1865.000000
1862.000000
1871.000000
1875.000000
1860.000000
1869.000000
1853.000000
1877.000000
1870.000000
1885.000000
1881.000000
1883.000000
1880.000000
1877.000000
1892.000000
1897.000000
1889.000000
1899.000000
1901.000000
1894.000000
1906.000000
1906.000000
1899.000000
1913.000000
1913.000000
1919.000000
1916.000000
1920.000000
1919.000000
1923.000000
1930.000000
1930.000000
1916.000000
1923.000000
1929.000000
1932.000000
1924.000000
1915.000000
1920.000000
1921.000000
1930.000000
1926.000000
1921.000000
1927.000000
1928.000000
1937.000000
1935.000000
1923.000000
1929.000000
1930.000000
1932.000000
1925.000000
1933.000000
1935.000000
1936.000000
1928.000000
1934.000000
1935.000000
1936.000000
1940.000000
1935.000000
1936.000000
1928.000000
1948.000000
1945.000000
1941.000000
1937.000000
1947.000000
1946.000000
1949.000000
1956.000000
1953.000000
1951.000000
1948.000000
1951.000000
1953.000000
1955.000000
1955.000000
1951.000000
1959.000000
1953.000000
1955.000000
1953.000000
1955.000000
1960.000000
1960.000000
1962.000000
1956.000000
1959.000000
1959.000000
1967.000000
1964.000000
1963.000000
1957.000000
1959.000000
1963.000000
1960.000000
1974.000000
1971.000000
1972.000000
1963.000000
1968.000000
1960.000000
1966.000000
1964.000000
1963.000000
1957.000000
1944.000000
1932.000000
1902.000000
1885.000000
1841.000000
1813.000000
1784.000000
1754.000000
1733.000000
1710.000000
1697.000000
1712.000000
1731.000000
1749.000000
1770.000000
1774.000000
1793.000000
1800.000000
1831.000000
1842.000000
1841.000000
1862.000000
1880.000000
1892.000000
1900.000000
1897.000000
1911.000000
1911.000000
1935.000000
1933.000000
1941.000000
1937.000000
1939.000000
1947.000000
1962.000000
1961.000000
1965.000000
1967.000000
1958.000000
1966.000000
1972.000000
1983.000000
1983.000000
1982.000000
1992.000000
1981.000000
1982.000000
1988.000000
1995.000000
1993.000000
1993.000000
1997.000000
1998.000000
1995.000000
2008.000000
2003.000000
2006.000000
2006.000000
2003.000000
2009.000000
2014.000000
2006.000000
2017.000000
2004.000000
2012.000000
2007.000000
2018.000000
2018.000000
2014.000000
2008.000000
2015.000000
2016.000000
2018.000000
2013.000000
2005.000000
1997.000000
1994.000000
2022.000000
2014.000000
2009.000000
2001.000000
1993.000000
1998.000000
2000.000000
2013.000000
2001.000000
2005.000000
2004.000000
2002.000000
1997.000000
2000.000000
2006.000000
2006.000000
2007.000000
2000.000000
2002.000000
2009.000000
2009.000000
2006.000000
2001.000000
2007.000000
2000.000000
2010.000000
2007.000000
2010.000000
2006.000000
2010.000000
2009.000000
2009.000000
2015.000000
2009.000000
2012.000000
2023.000000
2019.000000
2023.000000
2023.000000
2027.000000
2028.000000
2037.000000
2032.000000
2037.000000
2029.000000
2032.000000
2023.000000
2029.000000
2026.000000
2020.000000
2030.000000
2034.000000
2026.000000
2024.000000
2027.000000
2028.000000
2026.000000
2036.000000
2035.000000
2036.000000
2036.000000
2038.000000
2015.000000
2031.000000
2044.000000
2040.000000
2041.000000
2041.000000
2050.000000
2051.000000
2059.000000
2051.000000
2039.000000
2044.000000
2042.000000
2042.000000
2053.000000
2047.000000
2050.000000
2060.000000
2056.000000
2055.000000
2053.000000
2053.000000
2047.000000
2045.000000
2061.000000
2062.000000
2065.000000
2065.000000
2059.000000
2071.000000
2057.000000
2068.000000
2062.000000
2064.000000
2060.000000
2061.000000
2061.000000
2066.000000
2071.000000
2065.000000
2063.000000
2054.000000
2054.000000
2068.000000
2070.000000
2070.000000
2064.000000
2060.000000
2063.000000
2068.000000
2067.000000
2070.000000
2072.000000
2066.000000
2058.000000
2063.000000
2061.000000
2073.000000
2079.000000
2078.000000
2070.000000
2068.000000
2065.000000
2070.000000
2072.000000
2076.000000
2069.000000
2070.000000
2070.000000
2056.000000
2065.000000
2046.000000
2037.000000
2043.000000
2022.000000
2022.000000
2012.000000
2010.000000
2028.000000
2028.000000
2034.000000
2033.000000
2017.000000
2024.000000
2041.000000
2036.000000
2038.000000
2038.000000
2031.000000
2046.000000
2050.000000
2047.000000
2052.000000
2044.000000
2049.000000
2040.000000
2047.000000
2044.000000
2050.000000
2059.000000
2061.000000
2052.000000
2052.000000
2060.000000
2052.000000
2056.000000
2064.000000
2057.000000
2046.000000
2055.000000
2053.000000
2063.000000
2062.000000
2059.000000
2068.000000
2058.000000
2067.000000
2072.000000
2067.000000
2072.000000
2074.000000
2070.000000
2059.000000
2072.000000
2083.000000
2080.000000
2073.000000
2064.000000
2070.000000
2064.000000
2080.000000
2089.000000
2071.000000
2083.000000
2080.000000
2072.000000
2080.000000
2088.000000
2078.000000
2074.000000
2077.000000
2080.000000
2085.000000
2079.000000
2074.000000
2079.000000
2078.000000
2079.000000
2080.000000
2076.000000
2078.000000
2077.000000
2078.000000
2076.000000
2082.000000
2079.000000
2075.000000
2082.000000
2090.000000
2075.000000
2085.000000
2089.000000
2091.000000
2097.000000
2091.000000
2096.000000
2104.000000
2103.000000
2101.000000
2101.000000
2088.000000
2098.000000
2110.000000
2099.000000
2106.000000
2097.000000
2093.000000
2100.000000
2101.000000
2102.000000
2105.000000
2112.000000
2104.000000
2101.000000
2105.000000
2097.000000
2093.000000
2109.000000
2112.000000
2110.000000
2114.000000
2116.000000
2102.000000
2109.000000
2116.000000
2112.000000
2122.000000
2113.000000
2113.000000
2105.000000
2108.000000
2110.000000
2113.000000
2104.000000
2105.000000
2100.000000
2096.000000
2095.000000
2102.000000
2110.000000
2103.000000
2117.000000
2108.000000
2119.000000
2125.000000
2123.000000
2127.000000
2125.000000
2130.000000
2120.000000
2127.000000
2138.000000
2141.000000
2141.000000
2132.000000
2121.000000
2123.000000
2138.000000
2148.000000
2143.000000
2150.000000
2147.000000
2146.000000
2149.000000
2142.000000
2139.000000
2160.000000
2165.000000
2164.000000
2153.000000
2149.000000
2153.000000
2148.000000
2155.000000
2152.000000
2154.000000
2158.000000
2155.000000
2145.000000
2157.000000
2159.000000
2161.000000
2164.000000
2148.000000
2162.000000
2156.000000
2158.000000
2169.000000
2158.000000
2164.000000
2160.000000
2155.000000
2167.000000
2168.000000
2171.000000
2175.000000
2165.000000
2167.000000
2169.000000
2170.000000
2169.000000
2174.000000
2172.000000
2174.000000
2182.000000
2174.000000
2176.000000
2177.000000
2161.000000
2171.000000
2175.000000
2178.000000
2172.000000
2167.000000
2164.000000
2163.000000
2180.000000
2183.000000
2181.000000
2172.000000
2178.000000
2184.000000
2180.000000
2184.000000
2182.000000
2184.000000
2172.000000
2187.000000
2177.000000
2189.000000
2186.000000
2194.000000
2189.000000
2188.000000
2191.000000
2198.000000
2193.000000
2180.000000
