1768
1763
1759
1765
1760
1767
1759
1760
1761
1761
1769
1760
1764
1753
1753
1744
1750
1739
1746
1744
1740
1746
1755
1759
1749
1743
1767
1760
1765
1771
1764
1762
1773
1761
1763
1771
1770
1775
1773
1773
1768
1766
1774
1777
1780
1772
1766
1770
1774
1771
1780
1777
1774
1773
1774
1777
1772
1785
1773
1767
1765
1767
1772
1772
1772
1774
1755
1754
1748
1745
1746
1738
1758
1752
1735
1746
1761
1769
1774
1771
1769
1777
1781
1780
1785
1785
1797
1787
1796
1794
1802
1803
1802
1796
1801
1809
1798
1800
1806
1799
1809
1816
1813
1810
1811
1813
1800
1809
1812
1810
1805
1825
1817
1815
1820
1822
1812
1820
1820
1816
1820
1826
1824
1817
1813
1821
1815
1822
1821
1826
1827
1813
1821
1810
1813
1819
1814
1819
1826
1809
1818
1808
1797
1806
1807
1803
1809
1815
1808
1819
1816
1818
1825
1816
1811
1820
1824
1832
1829
1821
1828
1827
1827
1842
1835
1822
1819
1819
1831
1829
1839
1827
1835
1835
1840
1828
1834
1827
1827
1841
1830
1832
1832
1831
1829
1832
1837
1836
1836
1835
1836
1834
1832
1841
1840
1836
1844
1845
1848
1844
1850
1846
1852
1840
1848
1852
1859
1854
1854
1856
1849
1852
1866
1856
1851
1857
1854
1854
1866
1857
1859
1863
1868
1862
1857
1857
1864
1867
1865
1862
1852
1854
1864
1872
1871
1871
1870
1863
1865
1866
1873
1863
1870
1868
1872
1870
1871
1862
1863
1858
1839
1832
1815
1805
1804
1804
1805
1811
1810
1810
1804
1813
1819
1823
1819
1816
1826
1832
1837
1840
1847
1849
1848
1854
1846
1847
1855
1852
1847
1858
1855
1856
1860
1854
1853
1852
1864
1861
1850
1848
1856
1854
1855
1859
1846
1839
1838
1851
1852
1841
1853
1856
1835
1848
1860
1855
1867
1860
1869
1871
1866
1871
1868
1878
1865
1879
1861
1894
1880
1877
1864
1872
1863
1859
1856
1855
1857
1868
1873
1860
1859
1865
1862
1871
1875
1860
1869
1853
1877
1870
1885
1881
1883
1880
1877
1892
1897
1889
1899
1901
1894
1906
1906
1899
1913
1913
1919
1916
1920
1919
1923
1930
1930
1916
1923
1929
1932
1924
1915
1920
1921
1930
1926
1921
1927
1928
1937
1935
1923
1929
1930
1932
1925
1933
1935
1936
1928
1934
1935
1936
1940
1935
1936
1928
1948
1945
1941
1937
1947
1946
1949
1956
1953
1951
1948
1951
1953
1955
1955
1951
1959
1953
1955
1953
1955
1960
1960
1962
1956
1959
1959
1967
1964
1963
1957
1959
1963
1960
1974
1971
1972
1963
1968
1960
1966
1964
1963
1957
1944
1932
1902
1885
1841
1813
1784
1754
1733
1710
1697
1712
1731
1749
1770
1774
1793
1800
1831
1842
1841
1862
1880
1892
1900
1897
1911
1911
1935
1933
1941
1937
1939
1947
1962
1961
1965
1967
1958
1966
1972
1983
1983
1982
1992
1981
1982
1988
1995
1993
1993
1997
1998
1995
2008
2003
2006
2006
2003
2009
2014
2006
2017
2004
2012
2007
2018
2018
2014
2008
2015
2016
2018
2013
2005
1997
1994
2022
2014
2009
2001
1993
1998
2000
2013
2001
2005
2004
2002
1997
2000
2006
2006
2007
2000
2002
2009
2009
2006
2001
2007
2000
2010
2007
2010
2006
2010
2009
2009
2015
2009
2012
2023
2019
2023
2023
2027
2028
2037
2032
2037
2029
2032
2023
2029
2026
2020
2030
2034
2026
2024
2027
2028
2026
2036
2035
2036
2036
2038
2015
2031
2044
2040
2041
2041
2050
2051
2059
2051
2039
2044
2042
2042
2053
2047
2050
2060
2056
2055
2053
2053
2047
2045
2061
2062
2065
2065
2059
2071
2057
2068
2062
2064
2060
2061
2061
2066
2071
2065
2063
2054
2054
2068
2070
2070
2064
2060
2063
2068
2067
2070
2072
2066
2058
2063
2061
2073
2079
2078
2070
2068
2065
2070
2072
2076
2069
2070
2070
2056
2065
2046
2037
2043
2022
2022
2012
2010
2028
2028
2034
2033
2017
2024
2041
2036
2038
2038
2031
2046
2050
2047
2052
2044
2049
2040
2047
2044
2050
2059
2061
2052
2052
2060
2052
2056
2064
2057
2046
2055
2053
2063
2062
2059
2068
2058
2067
2072
2067
2072
2074
2070
2059
2072
2083
2080
2073
2064
2070
2064
2080
2089
2071
2083
2080
2072
2080
2088
2078
2074
2077
2080
2085
2079
2074
2079
2078
2079
2080
2076
2078
2077
2078
2076
2082
2079
2075
2082
2090
2075
2085
2089
2091
2097
2091
2096
2104
2103
2101
2101
2088
2098
2110
2099
2106
2097
2093
2100
2101
2102
2105
2112
2104
2101
2105
2097
2093
2109
2112
2110
2114
2116
2102
2109
2116
2112
2122
2113
2113
2105
2108
2110
2113
2104
2105
2100
2096
2095
2102
2110
2103
2117
2108
2119
2125
2123
2127
2125
2130
2120
2127
2138
2141
2141
2132
2121
2123
2138
2148
2143
2150
2147
2146
2149
2142
2139
2160
2165
2164
2153
2149
2153
2148
2155
2152
2154
2158
2155
2145
2157
2159
2161
2164
2148
2162
2156
2158
2169
2158
2164
2160
2155
2167
2168
2171
2175
2165
2167
2169
2170
2169
2174
2172
2174
2182
2174
2176
2177
2161
2171
2175
2178
2172
2167
2164
2163
2180
2183
2181
2172
2178
2184
2180
2184
2182
2184
2172
2187
2177
2189
2186
2194
2189
2188
2191
2198
2193
2180
