0.000000
58.766667
117.400000
176.233333
234.900000
293.800000
352.433333
411.100000
469.800000
528.500000
587.466667
646.133333
704.933333
763.366667
821.800000
879.933333
938.266667
996.233333
1054.433333
1112.566667
1170.566667
1228.766667
1287.266667
1345.900000
1404.200000
1462.300000
1521.200000
1579.866667
1638.700000
1697.733333
1756.533333
1756.500000
1756.966667
1756.833333
1756.933333
1757.066667
1757.433333
1757.933333
1758.333333
1758.733333
1758.700000
1758.900000
1759.233333
1760.033333
1760.933333
1761.866667
1762.400000
1763.433333
1764.366667
1765.266667
1766.600000
1767.633333
1768.266667
1768.733333
1769.566667
1770.700000
1770.866667
1771.700000
1771.966667
1771.833333
1771.866667
1772.033333
1772.000000
1772.366667
1772.666667
1772.766667
1772.266667
1771.566667
1770.733333
1769.800000
1769.066667
1768.133333
1767.600000
1766.766667
1765.266667
1764.400000
1764.233333
1764.200000
1764.200000
1764.200000
1763.833333
1763.833333
1764.066667
1764.300000
1764.666667
1764.933333
1765.766667
1765.833333
1766.600000
1767.500000
1768.733333
1769.933333
1770.933333
1771.733333
1772.700000
1773.866667
1775.300000
1776.833333
1778.766667
1780.566667
1782.666667
1785.266667
1787.100000
1789.033333
1791.566667
1793.800000
1795.100000
1796.433333
1797.700000
1799.000000
1800.200000
1801.800000
1803.000000
1804.166667
1805.333333
1806.566667
1807.066667
1808.166667
1808.966667
1809.700000
1810.300000
1811.066667
1811.800000
1812.500000
1812.900000
1813.300000
1813.866667
1814.600000
1815.100000
1816.000000
1816.600000
1816.500000
1816.766667
1816.766667
1816.833333
1817.033333
1817.500000
1817.833333
1818.300000
1818.266667
1818.700000
1818.133333
1817.466667
1817.166667
1816.733333
1816.100000
1816.000000
1815.833333
1815.433333
1815.533333
1815.400000
1815.133333
1815.166667
1815.133333
1815.066667
1815.033333
1815.333333
1815.666667
1815.933333
1815.766667
1815.800000
1816.266667
1816.466667
1817.533333
1818.266667
1818.366667
1818.533333
1818.533333
1818.700000
1819.366667
1820.066667
1820.700000
1821.966667
1822.933333
1824.033333
1824.866667
1825.700000
1826.100000
1826.733333
1827.466667
1827.933333
1828.400000
1828.633333
1829.133333
1829.733333
1830.133333
1830.566667
1830.700000
1830.933333
1831.400000
1831.666667
1831.900000
1832.066667
1832.033333
1832.200000
1832.666667
1833.500000
1834.366667
1834.933333
1835.433333
1835.800000
1836.433333
1837.000000
1837.166667
1837.433333
1838.233333
1839.066667
1839.966667
1840.866667
1841.366667
1842.000000
1842.666667
1843.800000
1844.633333
1845.366667
1846.200000
1846.766667
1847.366667
1848.366667
1849.100000
1849.866667
1850.833333
1852.033333
1852.733333
1853.300000
1854.000000
1854.666667
1855.400000
1855.966667
1856.566667
1856.633333
1856.900000
1857.300000
1858.366667
1859.133333
1859.766667
1860.133333
1860.433333
1860.800000
1861.133333
1861.933333
1862.300000
1862.433333
1862.833333
1863.533333
1863.966667
1864.533333
1864.800000
1864.700000
1864.733333
1864.066667
1863.033333
1861.266667
1859.366667
1857.600000
1855.833333
1853.866667
1852.000000
1850.166667
1848.433333
1846.833333
1845.466667
1843.966667
1842.333333
1840.600000
1838.766667
1837.300000
1836.266667
1835.333333
1834.466667
1833.600000
1833.133333
1832.400000
1831.933333
1831.066667
1830.300000
1829.766667
1829.433333
1828.900000
1828.900000
1829.433333
1830.233333
1831.733333
1833.366667
1835.000000
1836.600000
1838.566667
1840.233333
1841.566667
1842.833333
1844.566667
1845.933333
1847.133333
1848.333333
1849.233333
1850.000000
1850.400000
1851.033333
1851.533333
1851.566667
1851.766667
1852.000000
1851.566667
1851.366667
1851.833333
1852.100000
1852.500000
1852.766667
1853.500000
1853.933333
1854.300000
1854.800000
1855.066667
1855.866667
1856.266667
1857.166667
1857.066667
1858.166667
1859.166667
1860.133333
1860.400000
1861.000000
1861.266667
1861.266667
1861.600000
1862.133333
1862.766667
1863.333333
1864.033333
1864.666667
1864.866667
1865.166667
1866.066667
1866.833333
1867.333333
1867.500000
1867.566667
1867.333333
1867.600000
1867.566667
1868.200000
1868.533333
1869.033333
1869.100000
1869.500000
1869.933333
1871.133333
1870.966667
1871.600000
1872.400000
1873.400000
1874.533333
1875.966667
1877.300000
1879.200000
1881.133333
1883.200000
1884.800000
1886.366667
1888.333333
1890.466667
1892.633333
1894.900000
1896.400000
1898.000000
1900.300000
1902.400000
1904.766667
1906.033333
1907.700000
1908.900000
1910.533333
1911.966667
1913.333333
1915.000000
1916.200000
1917.533333
1919.066667
1919.866667
1920.800000
1922.000000
1922.866667
1923.500000
1924.633333
1925.366667
1926.133333
1926.433333
1927.033333
1927.533333
1928.100000
1928.666667
1928.833333
1929.033333
1929.433333
1930.266667
1930.800000
1931.100000
1931.533333
1932.600000
1933.466667
1934.400000
1935.266667
1936.166667
1937.166667
1937.866667
1938.633333
1939.166667
1939.833333
1940.900000
1941.633333
1942.600000
1943.300000
1944.300000
1944.966667
1945.633333
1946.433333
1947.500000
1948.433333
1949.133333
1949.900000
1950.533333
1951.600000
1952.533333
1953.700000
1954.000000
1954.466667
1955.200000
1955.966667
1956.866667
1957.700000
1958.466667
1958.700000
1959.200000
1959.500000
1960.100000
1960.533333
1960.866667
1960.933333
1960.566667
1959.933333
1958.033333
1955.766667
1951.966667
1947.300000
1941.600000
1934.733333
1927.166667
1918.766667
1910.133333
1901.900000
1894.300000
1887.033333
1880.566667
1874.266667
1868.800000
1863.500000
1859.100000
1855.166667
1850.733333
1847.100000
1844.033333
1841.666667
1839.400000
1837.300000
1835.466667
1833.700000
1832.766667
1831.966667
1831.866667
1832.033333
1833.266667
1835.333333
1839.366667
1844.300000
1850.333333
1857.433333
1864.933333
1873.466667
1882.633333
1891.666667
1900.066667
1907.833333
1915.233333
1922.133333
1928.433333
1934.700000
1940.166667
1945.200000
1950.266667
1954.766667
1958.700000
1962.133333
1965.733333
1969.266667
1972.433333
1975.600000
1977.866667
1980.400000
1982.833333
1985.133333
1987.733333
1989.633333
1991.300000
1992.833333
1994.600000
1996.300000
1998.166667
1999.566667
2001.000000
2002.100000
2003.266667
2004.300000
2004.733333
2005.266667
2005.666667
2006.800000
2007.433333
2007.966667
2008.233333
2008.100000
2008.100000
2008.266667
2008.433333
2008.366667
2008.333333
2008.266667
2008.233333
2007.833333
2007.366667
2007.366667
2007.000000
2007.100000
2006.700000
2006.533333
2006.233333
2005.933333
2005.666667
2005.433333
2005.166667
2004.633333
2004.366667
2004.166667
2004.333333
2004.633333
2005.166667
2004.733333
2004.566667
2004.766667
2005.033333
2005.666667
2006.500000
2007.133333
2007.466667
2008.200000
2008.933333
2009.733333
2010.900000
2012.066667
2013.300000
2014.066667
2014.933333
2015.466667
2016.433333
2017.233333
2017.600000
2018.300000
2019.233333
2020.066667
2020.633333
2021.533333
2022.133333
2022.766667
2023.633333
2024.600000
2025.466667
2026.366667
2027.333333
2027.333333
2028.066667
2029.133333
2029.700000
2030.433333
2031.033333
2031.933333
2032.733333
2033.766667
2034.233333
2034.466667
2034.700000
2035.133333
2035.466667
2036.466667
2037.066667
2037.866667
2039.200000
2040.066667
2040.766667
2041.666667
2042.633333
2043.300000
2043.866667
2045.033333
2045.900000
2046.900000
2047.866667
2048.633333
2049.733333
2051.133333
2052.366667
2052.966667
2053.766667
2054.400000
2055.066667
2055.433333
2055.933333
2056.333333
2056.800000
2057.600000
2057.933333
2058.333333
2059.200000
2059.766667
2060.533333
2061.000000
2061.000000
2061.233333
2061.666667
2062.133333
2062.700000
2063.533333
2064.233333
2064.133333
2064.166667
2064.033333
2064.300000
2064.966667
2065.200000
2065.633333
2065.633333
2065.733333
2065.933333
2066.333333
2066.833333
2067.100000
2067.233333
2067.200000
2066.900000
2066.966667
2066.700000
2066.133333
2065.300000
2063.700000
2062.100000
2060.366667
2058.700000
2057.533333
2056.200000
2055.100000
2053.866667
2052.033333
2050.633333
2050.066667
2049.166667
2048.400000
2047.233333
2045.633333
2044.566667
2043.900000
2043.200000
2042.766667
2041.900000
2041.133333
2039.933333
2039.200000
2038.333333
2037.666667
2037.766667
2037.633333
2037.833333
2038.333333
2038.900000
2039.900000
2041.033333
2042.766667
2044.333333
2044.933333
2045.833333
2046.466667
2047.466667
2048.966667
2050.133333
2051.033333
2051.766667
2052.733333
2053.866667
2055.066667
2055.933333
2056.733333
2057.500000
2057.733333
2058.666667
2059.800000
2061.133333
2062.000000
2062.666667
2063.333333
2063.500000
2064.133333
2065.366667
2066.000000
2066.766667
2067.700000
2068.233333
2068.766667
2069.800000
2070.866667
2071.500000
2072.300000
2072.866667
2073.633333
2074.300000
2074.500000
2075.200000
2075.566667
2075.800000
2076.233333
2076.366667
2076.500000
2076.733333
2077.366667
2077.500000
2077.466667
2077.433333
2077.500000
2078.100000
2078.766667
2079.133333
2079.300000
2079.300000
2079.966667
2080.433333
2080.800000
2081.600000
2082.400000
2082.900000
2083.666667
2084.566667
2084.933333
2085.533333
2086.366667
2087.033333
2088.100000
2088.700000
2089.200000
2089.900000
2090.600000
2091.466667
2092.366667
2093.533333
2094.400000
2095.233333
2096.000000
2096.600000
2097.200000
2098.100000
2098.833333
2100.000000
2100.966667
2101.866667
2102.233333
2102.633333
2103.466667
2104.000000
2104.600000
2104.933333
2105.333333
2105.466667
2106.133333
2106.533333
2106.633333
2106.800000
2106.766667
2106.866667
2106.966667
2106.800000
2106.833333
2107.100000
2107.033333
2107.200000
2107.333333
2107.933333
2108.600000
2109.466667
2110.600000
2111.133333
2111.733333
2112.066667
2112.500000
2113.233333
2114.533333
2115.600000
2116.133333
2116.433333
2116.466667
2117.300000
2118.466667
2119.733333
2121.133333
2122.366667
2123.466667
2124.966667
2126.200000
2127.500000
2129.633333
2131.966667
2134.033333
2135.466667
2137.000000
2138.200000
2139.533333
2140.733333
2141.633333
2142.666667
2143.700000
2144.700000
2145.200000
2146.433333
2147.500000
2148.266667
2149.033333
2149.266667
2150.266667
2151.433333
2152.600000
2153.633333
2153.966667
2154.666667
2155.000000
2155.266667
2155.966667
2156.600000
2157.566667
2158.766667
2158.933333
2159.000000
2159.166667
2159.733333
2160.400000
2161.100000
2161.900000
2162.533333
2163.533333
2164.200000
2164.800000
2165.533333
2166.066667
2166.533333
2167.066667
2167.633333
2167.900000
2168.533333
2168.600000
2168.833333
2169.566667
2170.033333
2170.800000
2171.066667
2171.666667
2172.633333
2173.066667
2173.600000
2173.966667
2174.266667
2174.500000
2175.166667
2175.433333
2176.066667
2176.633333
2177.300000
2177.866667
2178.333333
2178.633333
2179.433333
2180.000000
2180.100000
