0.000000
0.000000
0.000000
0.000000
1.450000
0.033333
-5.466667
2.550000
-0.866667
6.083333
-1.316667
-2.683333
-3.133333
-6.166667
-5.000000
-0.450000
-2.850000
-3.216667
5.283333
-5.466667
0.483333
9.050000
8.383333
-3.600000
-13.566667
13.516667
10.550000
-5.450000
9.016667
-0.950000
-7.933333
8.216667
-0.600000
-8.750000
8.166667
3.150000
1.700000
2.033333
-1.283333
-2.333333
-5.366667
4.016667
6.433333
3.566667
-2.483333
-9.450000
-0.700000
6.150000
-1.266667
3.583333
4.550000
-4.800000
-2.000000
-0.133333
3.433333
-3.316667
6.050000
2.100000
-12.616667
-3.300000
-0.066667
4.483333
2.816667
-1.216667
3.833333
-10.450000
-11.850000
-1.333333
-6.000000
0.950000
-6.783333
7.733333
12.166667
-18.200000
-4.433333
17.216667
11.716667
6.566667
0.816667
-4.616667
3.633333
7.833333
0.083333
2.266667
1.516667
8.200000
0.083333
-1.816667
4.800000
2.183333
6.000000
-0.216667
-4.850000
-1.716667
10.300000
-2.783333
-7.450000
7.633333
-2.283333
0.100000
11.866667
1.433333
-4.566667
-1.200000
4.083333
-8.116667
-3.150000
9.350000
0.200000
-7.366667
10.600000
8.383333
-9.550000
2.816667
5.916667
-6.700000
-1.483333
6.900000
-4.133333
-0.700000
6.850000
2.733333
-5.616667
-7.583333
4.283333
0.700000
-0.300000
3.983333
1.066667
5.950000
-9.950000
-2.233333
-0.266667
-7.116667
7.900000
-0.516667
-1.966667
10.583333
-8.283333
-4.633333
3.383333
-15.616667
0.050000
8.100000
-3.933333
0.333333
9.066667
-3.000000
2.200000
5.816667
-3.283333
7.250000
-0.733333
-10.666667
3.383333
7.416667
6.383333
3.883333
-8.733333
0.050000
4.966667
-3.800000
10.216667
6.600000
-13.933333
-8.483333
-1.866667
8.016667
4.583333
5.066667
-1.833333
-3.750000
5.833333
3.516667
-5.100000
-3.433333
1.300000
-7.366667
11.166667
1.466667
-7.433333
3.033333
-0.750000
-2.133333
0.066667
5.316667
2.016667
-1.083333
-0.566667
0.216667
-0.066667
-3.833333
4.666667
5.833333
-5.366667
2.666667
5.600000
1.966667
-1.483333
1.483333
0.816667
2.100000
-4.066667
-3.750000
8.083333
6.183333
0.866667
-4.333333
3.000000
-3.333333
-4.766667
12.700000
2.716667
-11.916667
2.583333
2.550000
-4.483333
9.133333
1.600000
-6.366667
4.333333
5.850000
-0.450000
-7.266667
-3.083333
4.450000
6.300000
-0.083333
-2.000000
-7.800000
-5.766667
7.600000
10.800000
3.000000
-1.500000
0.616667
-5.200000
-2.966667
1.666667
6.000000
-2.916667
-2.433333
3.966667
0.416667
1.333333
0.033333
-4.816667
-4.750000
1.166667
-14.433333
-13.250000
-11.033333
-15.900000
-4.616667
0.400000
-0.233333
4.433333
2.850000
-0.450000
-4.566667
1.100000
9.450000
5.350000
-0.083333
-5.983333
4.200000
9.583333
5.116667
3.400000
5.316667
5.466667
-1.200000
4.016667
-1.066667
-6.250000
7.033333
3.666667
-7.500000
4.650000
5.483333
-3.416667
4.450000
-1.300000
-4.500000
-2.016667
7.033333
7.100000
-9.850000
-8.516667
5.400000
3.716667
-2.466667
5.100000
-4.800000
-12.500000
-4.850000
7.800000
10.316667
-9.466667
-0.050000
13.750000
-14.416667
-6.816667
19.133333
0.516667
4.016667
2.783333
-0.800000
8.666667
-3.883333
0.450000
0.383333
5.533333
-3.533333
2.183333
-5.200000
8.983333
14.533333
-13.316667
-8.666667
-1.783333
1.550000
-8.916667
-2.816667
-2.166667
-0.433333
7.216667
11.300000
-6.133333
-9.966667
5.450000
0.633333
2.100000
10.666667
-9.500000
-1.550000
-5.566667
4.666667
10.700000
2.033333
7.800000
-3.000000
0.816667
-5.950000
7.033333
13.916667
-5.200000
0.433333
9.683333
-6.150000
2.866667
9.533333
-7.900000
4.616667
8.716667
2.183333
1.533333
0.016667
1.933333
0.333333
6.750000
5.750000
-10.333333
-4.950000
9.350000
5.300000
-2.483333
-11.433333
-1.333333
3.500000
5.800000
3.800000
-7.516667
1.316667
3.683333
5.350000
5.983333
-10.600000
-3.383333
5.500000
1.916667
-4.150000
0.116667
6.866667
1.833333
-5.233333
-1.450000
5.333333
-0.316667
3.733333
-1.000000
-1.583333
-6.300000
7.516667
12.033333
-6.416667
-5.550000
4.366667
5.733333
-1.150000
6.833333
2.266667
-3.516667
-2.933333
-0.016667
3.183333
1.950000
1.683333
-3.866667
3.333333
1.466667
-3.300000
0.750000
-1.033333
4.650000
2.416667
1.450000
-2.783333
-1.983333
1.566667
4.816667
3.166667
-2.700000
-3.983333
-2.966667
5.116667
-1.666667
6.700000
6.966667
-1.866667
-5.100000
-1.483333
-1.466667
-1.800000
3.650000
-2.200000
-2.416667
-10.516667
-10.916667
-22.733333
-22.200000
-30.566667
-39.266667
-25.916667
-30.966667
-25.200000
-21.633333
-21.583333
1.716667
20.266667
17.866667
21.550000
10.916667
11.266667
11.900000
19.483333
25.766667
-0.350000
9.183333
22.900000
14.566667
10.916667
-0.083333
6.316667
5.933333
13.283333
12.666667
1.066667
3.000000
-3.150000
4.816667
14.050000
7.100000
-0.433333
5.416667
-5.833333
-1.433333
8.400000
9.250000
6.416667
-3.500000
7.216667
-0.516667
-8.200000
4.983333
7.966667
2.366667
-2.583333
2.666667
3.666667
-3.583333
6.816667
4.950000
-3.066667
3.233333
-3.050000
1.100000
8.433333
-4.383333
3.150000
-1.233333
-3.833333
2.300000
2.350000
8.016667
-3.100000
-6.900000
1.050000
5.316667
1.350000
-0.933333
-7.250000
-8.300000
-9.666667
17.333333
13.133333
-10.866667
-5.333333
-9.966667
-0.916667
3.316667
10.116667
-0.116667
-6.533333
3.850000
-1.866667
-4.416667
-1.783333
6.200000
2.966667
0.833333
-3.750000
-4.150000
6.450000
4.250000
-1.983333
-5.733333
2.116667
-1.383333
1.416667
4.883333
-0.850000
-0.600000
-0.316667
2.533333
-2.116667
4.750000
-0.233333
-4.183333
10.133333
3.283333
-1.350000
2.666667
1.883333
1.866667
6.383333
1.600000
-0.066667
-1.583333
-2.533333
-3.400000
-2.083333
4.066667
-7.766667
2.300000
10.416667
-3.583333
-6.916667
1.583333
3.033333
-2.400000
5.000000
5.700000
-1.333333
0.266667
4.416667
-14.850000
-6.383333
21.533333
2.900000
-3.166667
0.183333
5.350000
4.983333
5.216667
1.700000
-14.083333
-2.850000
3.500000
-3.666667
7.983333
2.816667
-4.716667
9.516667
3.300000
-4.100000
-1.250000
-0.400000
-2.916667
-7.083333
9.350000
10.250000
0.200000
2.983333
-5.916667
5.800000
-2.000000
-2.716667
4.816667
-3.616667
-0.383333
-2.133333
0.600000
2.116667
6.950000
-1.166667
-4.316667
-5.666667
-7.216667
9.533333
9.616667
0.100000
-3.150000
-6.450000
-0.500000
5.550000
1.633333
0.250000
3.966667
-1.733333
-9.550000
-0.550000
1.316667
4.550000
11.450000
2.483333
-5.933333
-5.450000
-2.666667
1.166667
4.033333
3.933333
-2.166667
-4.433333
3.633333
-10.400000
-0.683333
-3.000000
-19.850000
3.633333
-8.533333
-12.600000
-2.700000
-10.150000
11.300000
10.383333
1.133333
5.633333
-11.933333
-7.666667
17.616667
5.933333
-4.116667
3.366667
-6.600000
4.383333
13.133333
-2.300000
2.100000
-2.200000
-1.250000
-2.300000
-1.533333
3.100000
-0.400000
9.350000
7.133333
-5.283333
-6.866667
7.300000
-0.550000
-4.716667
9.350000
1.566667
-13.333333
0.266667
4.316667
3.633333
6.516667
-5.200000
5.483333
-1.350000
-2.616667
10.866667
-2.000000
-0.850000
5.416667
-0.300000
-10.983333
0.283333
16.483333
3.800000
-6.116667
-10.183333
0.100000
-0.900000
3.716667
18.916667
-9.433333
-4.366667
9.300000
-9.616667
-0.633333
12.150000
-1.850000
-9.916667
0.533333
3.300000
5.183333
-0.216667
-8.083333
1.033333
2.916667
-0.950000
2.016667
-2.283333
-1.200000
1.000000
0.033333
-1.300000
2.650000
2.783333
-5.950000
1.033333
11.900000
-6.583333
-4.533333
10.600000
1.216667
5.450000
-0.733333
-2.466667
9.016667
3.816667
-3.050000
0.933333
-8.900000
-3.666667
16.883333
-2.016667
-2.766667
1.083333
-10.050000
3.050000
5.233333
-0.050000
1.383333
7.066667
-0.533333
-8.333333
2.800000
-1.400000
-10.066667
8.100000
12.450000
-2.083333
0.600000
6.000000
-8.783333
-5.516667
11.233333
-0.800000
4.083333
1.133333
-5.833333
-3.933333
-3.450000
3.600000
3.766667
-4.133333
-4.700000
-0.700000
-5.583333
-3.200000
2.966667
10.483333
-2.350000
4.750000
2.783333
-1.583333
12.250000
0.283333
0.966667
0.766667
2.733333
-3.500000
-3.966667
12.116667
7.383333
1.516667
-4.266667
-12.300000
-6.183333
10.383333
15.750000
0.133333
0.533333
3.483333
-4.000000
2.633333
-1.633333
-9.300000
11.400000
16.266667
1.016667
-7.116667
-9.650000
2.233333
-1.250000
1.066667
3.000000
-2.216667
4.450000
1.833333
-10.083333
1.466667
9.700000
0.033333
5.383333
-10.216667
-0.766667
7.033333
-6.250000
10.616667
-1.233333
-4.066667
3.750000
-8.116667
4.866667
8.283333
0.083333
5.750000
-4.316667
-5.666667
3.716667
1.633333
-0.933333
2.666667
1.866667
-1.883333
7.616667
-0.550000
-5.133333
5.350000
-10.916667
-4.283333
10.283333
3.433333
-1.600000
-6.733333
-3.666667
-4.116667
9.750000
12.533333
-0.366667
-7.600000
-2.400000
9.166667
-0.283333
-0.400000
1.400000
1.250000
-8.000000
3.083333
3.066667
-0.433333
5.983333
1.966667
2.633333
-5.100000
1.016667
6.666667
0.000000
0.000000
0.000000
