1755.760000
1754.760000
1754.920000
1754.960000
1754.960000
1755.400000
1755.280000
1755.400000
1755.920000
1755.920000
1756.000000
1756.080000
1756.480000
1756.920000
1757.720000
1758.520000
1759.480000
1760.120000
1761.520000
1762.760000
1764.200000
1765.480000
1766.280000
1766.880000
1767.480000
1768.360000
1769.840000
1770.240000
1770.800000
1771.120000
1771.240000
1771.760000
1772.160000
1772.640000
1773.120000
1773.280000
1773.040000
1772.920000
1772.800000
1772.760000
1772.720000
1772.960000
1772.520000
1771.720000
1770.560000
1769.160000
1768.120000
1767.000000
1766.520000
1765.640000
1764.200000
1762.840000
1762.200000
1762.000000
1762.040000
1761.920000
1761.600000
1761.800000
1761.640000
1761.920000
1762.640000
1763.440000
1764.640000
1765.240000
1766.200000
1767.080000
1768.200000
1770.120000
1772.040000
1773.960000
1776.200000
1778.720000
1781.120000
1782.800000
1784.960000
1787.520000
1790.040000
1792.240000
1794.000000
1795.440000
1797.040000
1798.800000
1799.720000
1800.840000
1802.120000
1803.120000
1803.920000
1805.040000
1806.240000
1807.000000
1808.040000
1808.840000
1809.200000
1809.920000
1810.880000
1811.480000
1811.920000
1813.040000
1814.000000
1814.440000
1815.000000
1815.480000
1815.440000
1815.800000
1816.240000
1816.840000
1817.400000
1817.920000
1818.400000
1818.320000
1818.440000
1819.000000
1818.560000
1818.640000
1819.080000
1818.640000
1818.480000
1818.320000
1817.400000
1816.840000
1816.480000
1815.800000
1815.120000
1814.760000
1814.400000
1814.640000
1814.440000
1814.560000
1814.680000
1814.480000
1813.880000
1813.600000
1814.040000
1814.480000
1815.240000
1815.560000
1815.920000
1816.440000
1816.760000
1817.400000
1818.440000
1818.600000
1819.040000
1819.920000
1820.920000
1821.800000
1823.240000
1823.960000
1824.760000
1825.840000
1826.680000
1827.160000
1827.800000
1827.880000
1828.320000
1829.520000
1829.920000
1830.240000
1830.240000
1830.320000
1830.640000
1830.800000
1831.200000
1831.560000
1831.320000
1831.320000
1831.880000
1832.480000
1833.000000
1833.400000
1833.840000
1833.720000
1834.400000
1834.800000
1835.320000
1835.480000
1836.360000
1836.840000
1837.840000
1838.360000
1838.640000
1839.520000
1840.600000
1841.480000
1842.400000
1843.480000
1844.160000
1844.760000
1845.960000
1846.760000
1847.400000
1848.240000
1849.040000
1849.920000
1850.920000
1851.600000
1852.520000
1853.280000
1854.200000
1854.760000
1855.280000
1855.560000
1856.280000
1856.880000
1857.880000
1858.440000
1858.440000
1858.240000
1858.640000
1859.360000
1859.960000
1860.840000
1861.560000
1861.440000
1861.800000
1862.400000
1863.040000
1863.400000
1864.040000
1864.120000
1864.720000
1865.160000
1865.480000
1865.240000
1865.280000
1865.320000
1864.600000
1863.320000
1861.240000
1858.840000
1856.520000
1854.600000
1852.640000
1850.520000
1848.040000
1845.600000
1842.920000
1840.640000
1838.880000
1837.200000
1835.320000
1833.040000
1831.560000
1830.040000
1828.800000
1827.520000
1826.600000
1825.720000
1825.160000
1824.800000
1824.320000
1824.640000
1825.560000
1827.040000
1828.720000
1830.880000
1832.920000
1834.960000
1836.920000
1838.680000
1840.400000
1842.320000
1844.360000
1846.040000
1847.120000
1848.280000
1849.880000
1851.000000
1851.920000
1852.800000
1853.040000
1852.720000
1852.280000
1852.400000
1852.320000
1852.120000
1852.360000
1852.400000
1851.720000
1851.760000
1851.840000
1851.840000
1852.280000
1852.280000
1852.880000
1853.600000
1854.160000
1854.440000
1854.720000
1855.840000
1856.520000
1857.440000
1857.720000
1859.280000
1860.120000
1861.360000
1862.360000
1863.720000
1864.200000
1864.480000
1865.080000
1865.160000
1865.200000
1866.520000
1867.520000
1867.520000
1867.680000
1867.600000
1867.680000
1867.760000
1867.920000
1867.680000
1867.600000
1867.000000
1866.960000
1867.160000
1867.400000
1868.200000
1867.760000
1867.760000
1867.760000
1868.880000
1869.880000
1870.920000
1872.520000
1874.320000
1875.880000
1877.840000
1879.360000
1880.400000
1882.520000
1884.680000
1886.840000
1889.000000
1890.960000
1892.720000
1895.240000
1897.680000
1900.760000
1902.320000
1904.440000
1906.200000
1908.240000
1909.880000
1911.280000
1913.000000
1914.160000
1915.480000
1916.960000
1917.840000
1918.880000
1920.240000
1921.480000
1922.640000
1923.600000
1924.240000
1924.920000
1925.440000
1925.800000
1926.320000
1926.960000
1927.480000
1927.400000
1927.560000
1928.320000
1928.840000
1929.280000
1929.400000
1929.880000
1930.400000
1931.520000
1932.480000
1932.920000
1933.360000
1934.400000
1935.160000
1936.000000
1936.760000
1937.480000
1938.600000
1939.360000
1940.200000
1941.040000
1942.240000
1943.120000
1943.760000
1944.680000
1945.680000
1946.520000
1947.240000
1948.000000
1948.800000
1949.800000
1950.840000
1951.960000
1952.400000
1952.960000
1954.000000
1955.080000
1955.720000
1956.160000
1956.560000
1956.840000
1957.120000
1958.040000
1958.960000
1959.800000
1960.200000
1960.720000
1960.920000
1961.520000
1961.720000
1962.120000
1962.200000
1961.840000
1960.920000
1958.600000
1955.600000
1950.760000
1945.040000
1938.040000
1929.840000
1920.480000
1910.320000
1899.680000
1889.880000
1880.760000
1872.200000
1864.600000
1856.600000
1849.480000
1842.600000
1837.320000
1832.280000
1827.520000
1823.360000
1820.000000
1817.160000
1814.880000
1813.000000
1812.160000
1812.520000
1814.520000
1818.200000
1823.320000
1829.440000
1836.840000
1845.400000
1855.480000
1866.040000
1876.160000
1885.600000
1893.960000
1901.800000
1909.720000
1917.320000
1924.640000
1930.680000
1936.680000
1942.280000
1947.080000
1951.400000
1955.520000
1959.240000
1963.080000
1966.520000
1970.000000
1972.400000
1975.400000
1977.880000
1980.640000
1983.320000
1985.560000
1987.440000
1989.560000
1991.200000
1993.200000
1995.040000
1996.880000
1998.280000
1999.680000
2001.080000
2002.360000
2003.000000
2004.360000
2005.720000
2006.920000
2007.640000
2008.120000
2008.280000
2008.160000
2009.120000
2009.880000
2009.920000
2009.840000
2009.320000
2009.000000
2008.880000
2009.040000
2008.520000
2008.480000
2007.960000
2007.880000
2007.280000
2007.000000
2006.520000
2006.040000
2005.760000
2005.440000
2004.920000
2004.640000
2004.280000
2004.000000
2003.840000
2004.240000
2004.480000
2004.000000
2003.720000
2003.760000
2003.960000
2004.640000
2005.080000
2005.440000
2005.520000
2005.840000
2006.120000
2006.880000
2007.560000
2008.600000
2009.520000
2010.360000
2011.240000
2012.440000
2013.720000
2015.120000
2015.920000
2016.840000
2017.520000
2018.640000
2019.400000
2020.200000
2021.000000
2022.080000
2022.720000
2023.440000
2024.120000
2024.880000
2025.560000
2026.400000
2027.440000
2028.400000
2028.920000
2029.680000
2029.360000
2029.680000
2030.360000
2030.840000
2031.000000
2031.360000
2031.880000
2032.760000
2033.840000
2034.960000
2035.360000
2036.080000
2036.960000
2037.440000
2038.200000
2039.040000
2040.080000
2041.400000
2042.520000
2043.680000
2044.360000
2045.080000
2045.520000
2045.880000
2046.800000
2048.680000
2050.040000
2050.880000
2051.640000
2052.840000
2053.480000
2054.200000
2054.640000
2054.840000
2055.200000
2056.080000
2056.760000
2057.720000
2058.880000
2059.360000
2060.000000
2060.160000
2059.920000
2060.400000
2061.000000
2061.680000
2062.120000
2062.640000
2063.360000
2063.640000
2063.840000
2064.040000
2064.320000
2064.600000
2064.080000
2064.320000
2064.040000
2064.480000
2065.080000
2065.800000
2066.160000
2066.440000
2066.400000
2066.360000
2066.640000
2067.160000
2067.760000
2068.400000
2068.480000
2067.920000
2067.720000
2067.000000
2066.080000
2065.280000
2063.440000
2061.640000
2059.320000
2056.840000
2055.320000
2054.120000
2052.960000
2051.840000
2049.600000
2047.400000
2045.920000
2044.560000
2043.360000
2042.280000
2040.720000
2039.680000
2038.640000
2037.760000
2037.040000
2036.000000
2035.720000
2034.720000
2034.760000
2035.040000
2035.320000
2036.800000
2038.360000
2039.960000
2041.640000
2042.920000
2043.880000
2044.760000
2046.000000
2047.600000
2048.480000
2049.040000
2049.720000
2050.720000
2051.680000
2052.800000
2053.680000
2054.000000
2054.800000
2055.600000
2056.520000
2057.440000
2058.800000
2059.720000
2060.320000
2061.200000
2062.160000
2062.920000
2063.760000
2064.240000
2064.640000
2065.120000
2066.080000
2067.080000
2067.640000
2069.120000
2070.120000
2070.880000
2071.560000
2072.600000
2073.360000
2073.600000
2074.360000
2074.880000
2075.400000
2075.880000
2075.960000
2076.160000
2076.480000
2077.280000
2077.600000
2077.320000
2077.240000
2077.400000
2077.960000
2078.200000
2078.920000
2078.880000
2078.320000
2078.760000
2079.040000
2078.840000
2079.360000
2079.720000
2079.840000
2080.600000
2081.280000
2082.040000
2083.000000
2083.720000
2084.600000
2085.680000
2086.040000
2086.840000
2088.080000
2088.840000
2090.040000
2090.800000
2091.440000
2092.320000
2093.320000
2094.120000
2095.160000
2096.640000
2097.520000
2097.960000
2099.160000
2099.640000
2099.800000
2100.520000
2101.120000
2101.880000
2102.600000
2103.080000
2103.040000
2103.360000
2103.960000
2104.920000
2105.880000
2106.000000
2106.560000
2106.520000
2106.960000
2107.640000
2108.160000
2108.280000
2108.400000
2108.200000
2107.560000
2107.200000
2107.240000
2107.440000
2107.680000
2108.640000
2108.600000
2108.880000
2109.480000
2109.840000
2110.280000
2111.200000
2112.040000
2112.200000
2112.800000
2113.440000
2114.560000
2115.680000
2116.760000
2117.280000
2117.800000
2118.800000
2120.560000
2122.080000
2124.080000
2126.120000
2128.160000
2130.040000
2131.320000
2132.760000
2134.480000
2136.760000
2138.560000
2139.680000
2140.720000
2141.760000
2142.680000
2143.680000
2144.960000
2146.040000
2146.840000
2147.400000
2147.560000
2148.560000
2150.080000
2151.600000
2152.640000
2152.640000
2153.400000
2153.640000
2154.080000
2155.000000
2155.360000
2156.240000
2157.080000
2156.880000
2156.960000
2157.120000
2157.840000
2158.880000
2159.360000
2160.120000
2160.680000
2161.400000
2162.000000
2162.640000
2163.320000
2164.480000
2165.480000
2166.080000
2166.680000
2167.200000
2167.720000
2168.080000
2168.840000
2169.640000
2169.760000
2170.120000
2170.120000
2170.240000
2171.240000
2171.880000
2172.400000
2172.440000
2172.560000
2173.320000
2173.840000
2174.440000
2174.920000
2175.520000
2175.440000
2176.040000
2176.160000
2176.440000
2176.920000
2177.640000
2178.120000
2179.200000
2180.000000
2180.920000
2181.520000
