910
10237
10564
10891
11218
11544
11871
12198
12050
11723
11396
11069
10742
10415
10088
9761
9434
9107
8780
8453
8126
7800
7473
7146
6819
6492
6165
5838
5511
5184
4857
4530
4203
3876
3549
3222
2895
2569
2242
1915
1588
1261
934
607
280
-47
-374
-701
-1028
-1355
-1682
-2009
-2335
-2662
-2989
-3316
-3643
-3970
-3896
-3569
-3242
-2915
-2588
-2261
-1934
-1607
-1280
-953
-627
-300
27
354
681
1008
1335
1662
1989
2316
2643
2970
3297
3624
3951
4278
4604
4931
5258
5585
5912
6239
6566
6893
7220
7547
7874
8201
8528
8855
9182
9509
9835
10162
10489
10816
11143
11470
11797
12124
12124
11797
11470
11143
10816
10489
10162
9835
9509
9182
8855
8528
8201
7874
7547
7220
6893
6566
6239
5912
5585
5258
4931
4604
4278
3951
3624
3297
2970
2643
2316
1989
1662
1335
1008
681
354
27
-300
-627
-953
-1280
-1607
-1934
-2261
-2588
-2915
-3242
-3569
-3896
-3970
-3643
-3316
-2989
-2662
-2335
-2009
-1682
-1355
-1028
-701
-374
-47
280
607
934
1261
1588
1915
2242
2569
2895
3222
3549
3876
4203
4530
4857
5184
5511
5838
6165
6492
6819
7146
7473
7800
8126
8453
8780
9107
9434
9761
10088
10415
10742
11069
11396
11723
12050
12198
11871
11544
11218
10891
10564
10237
9910
9583
9256
8929
8602
8275
7948
7621
7294
6967
6640
6313
5987
5660
5333
5006
4679
4352
4025
3698
3371
3044
2717
2390
2063
1736
1409
1082
756
429
102
-225
-552
-879
-1206
-1533
-1860
-2187
-2514
-2841
-3168
-3495
-3822
-4044
-3718
-3391
-3064
-2737
-2410
-2083
-1756
-1429
-1102
-775
-448
-121
206
533
860
1187
1513
1840
2167
2494
2821
3148
3475
3802
4129
4456
4783
5110
5437
5764
6091
6417
6744
7071
7398
7725
8052
8379
8706
9033
9360
9687
10014
10341
10668
10995
11322
11648
11975
12273
11946
11619
11292
10965
10638
10311
9984
9657
9330
9003
8676
8349
8022
7696
7369
7042
6715
6388
6061
5734
5407
5080
4753
4426
4099
3772
3445
3118
2791
2465
2138
1811
1484
1157
830
503
176
-151
-478
-805
-1132
-1459
-1786
-2113
-2440
-2766
-3093
-3420
-3747
-4074
-3792
-3465
-3138
-2811
-2484
-2157
-1830
-1503
-1176
-849
-522
-196
131
458
785
1112
1439
1766
2093
2420
2747
3074
3401
3728
4055
4382
4709
5035
5362
5689
6016
6343
6670
6997
7324
7651
7978
8305
8632
8959
9286
9613
9939
10266
10593
10920
11247
11574
11901
12228
12020
11693
11366
11039
10712
10385
10058
9731
9405
9078
8751
8424
8097
7770
7443
7116
6789
6462
6135
5808
5481
5154
4827
4500
4174
3847
3520
3193
2866
2539
2212
1885
1558
1231
904
577
250
-77
-404
-731
-1057
-1384
-1711
-2038
-2365
-2692
-3019
-3346
-3673
-4000
-3866
-3539
-3212
-2885
-2558
-2231
-1905
-1578
-1251
-924
-597
-270
57
384
711
1038
1365
1692
2019
2346
2673
3000
3326
3653
3980
4307
4634
4961
5288
5615
5942
6269
6596
6923
7250
7577
7904
8231
8557
8884
9211
9538
9865
10192
10519
10846
11173
11500
11827
12154
12094
11767
11440
11113
10787
10460
10133
9806
9479
9152
8825
8498
8171
7844
7517
7190
6863
6536
6209
5883
5556
5229
4902
4575
4248
3921
3594
3267
2940
2613
2286
1959
1632
1305
978
652
325
-2
-329
-656
-983
-1310
-1637
-1964
-2291
-2618
-2945
-3272
-3599
-3926
-3940
-3614
-3287
-2960
-2633
-2306
-1979
-1652
-1325
-998
-671
-344
-17
310
637
964
1291
1617
1944
2271
2598
2925
3252
3579
3906
4233
4560
4887
5214
5541
5868
6195
6522
6848
7175
7502
7829
8156
8483
8810
9137
9464
9791
10118
10445
10772
11099
11426
11753
12079
12169
11842
11515
11188
10861
10534
10207
9880
9553
9226
8899
8572
8245
7918
7591
7265
6938
6611
6284
5957
5630
5303
4976
4649
4322
3995
3668
3341
3014
2687
2361
2034
1707
1380
1053
726
399
72
-255
-582
-909
-1236
-1563
-1890
-2217
-2544
-2870
-3197
-3524
-3851
-4015
-3688
-3361
-3034
-2707
-2380
-2053
-1726
-1399
-1072
-745
-418
-92
235
562
889
1216
1543
1870
2197
2524
2851
3178
3505
3832
4159
4486
4813
5139
5466
5793
6120
6447
6774
7101
7428
7755
8082
8409
8736
9063
9390
9717
10044
10370
10697
11024
11351
11678
12005
12243
11916
11589
11262
10935
10608
10281
9954
9627
9300
8974
8647
8320
7993
7666
7339
7012
6685
6358
6031
5704
5377
5050
4723
4396
4069
3743
3416
3089
2762
2435
2108
1781
1454
1127
800
473
146
-181
-508
-835
-1161
-1488
-1815
-2142
-2469
-2796
-3123
-3450
-3777
-4089
-3762
-3435
-3108
-2781
-2454
-2127
-1801
-1474
-1147
-820
-493
-166
161
488
815
1142
1469
1796
2123
2450
2777
3104
3430
3757
4084
4411
4738
5065
5392
5719
6046
6373
6700
7027
7354
7681
8008
8335
8661
8988
9315
9642
9969
10296
10623
10950
11277
11604
11931
12258
11990
11663
11336
11009
10683
10356
10029
9702
9375
9048
8721
8394
8067
7740
7413
7086
6759
6432
6105
5778
5452
5125
4798
4471
4144
3817
3490
3163
2836
2509
2182
1855
1528
1201
874
547
221
-106
-433
-760
-1087
-1414
-1741
-2068
-2395
-2722
-3049
-3376
-3703
-4030
-3836
-3509
-3183
-2856
-2529
-2202
-1875
-1548
-1221
-894
-567
-240
87
414
741
1068
1395
1721
2048
2375
2702
3029
3356
3683
4010
4337
4664
4991
5318
5645
5972
6299
6626
6952
7279
7606
7933
8260
8587
8914
9241
9568
9895
10222
10549
10876
11203
11530
11857
12183
12065
11738
11411
11084
10757
10430
10103
9776
9449
9122
8795
8468
8141
7814
7487
7161
6834
6507
6180
5853
5526
5199
4872
4545
4218
3891
3564
3237
2910
2583
2256
1930
1603
1276
949
622
295
-32
-359
-686
-1013
-1340
-1667
-1994
-2321
-2648
-2975
-3301
-3628
-3955
-3911
-3584
-3257
-2930
-2603
-2276
-1949
-1622
-1295
-968
-641
-314
13
339
666
993
1320
1647
1974
2301
2628
2955
3282
3609
3936
4263
4590
4917
5243
5570
5897
6224
6551
6878
7205
7532
7859
8186
8513
8840
9167
9494
9821
10148
10474
10801
11128
11455
11782
12109
12139
11812
11485
11158
10831
10504
10177
9850
9523
9196
8870
8543
8216
7889
7562
7235
6908
6581
6254
5927
5600
5273
4946
4619
4292
3965
3639
3312
2985
2658
2331
2004
1677
1350
1023
696
369
42
-285
-612
-939
-1266
-1592
-1919
-2246
-2573
-2900
-3227
-3554
-3881
-3985
-3658
-3331
-3004
-2677
-2350
-2023
-1696
-1370
-1043
-716
-389
-62
265
592
919
1246
1573
1900
2227
2554
2881
3208
3535
3861
4188
4515
4842
5169
5496
5823
6150
6477
6804
7131
7458
7785
8112
8439
8765
9092
9419
9746
10073
10400
10727
11054
11381
11708
12035
12213
11886
11559
11232
10905
10579
10252
9925
9598
9271
8944
8617
8290
7963
7636
7309
6982
6655
6328
6001
5674
5348
5021
4694
4367
4040
3713
3386
3059
2732
2405
2078
1751
1424
1097
770
443
117
-210
-537
-864
-1191
-1518
-1845
-2172
-2499
-2826
-3153
-3480
-3807
-4059
-3732
-3405
-3079
-2752
-2425
-2098
-1771
-1444
-1117
-790
-463
-136
191
518
845
1172
1499
1826
2152
2479
2806
3133
3460
3787
4114
4441
4768
5095
5422
5749
6076
6403
6730
7057
7383
7710
8037
8364
8691
9018
9345
9672
9999
10326
10653
10980
11307
11634
11961
12288
11961
11634
11307
10980
10653
10326
9999
9672
9345
9018
8691
8364
8037
7710
7383
7057
6730
6403
6076
5749
5422
5095
4768
4441
4114
3787
3460
3133
2806
2479
2152
1826
1499
1172
845
518
191
-136
-463
-790
-1117
-1444
-1771
-2098
-2425
-2752
-3079
-3405
-3732
-4059
-3807
-3480
-3153
-2826
-2499
-2172
-1845
-1518
-1191
-864
-537
-210
117
443
770
1097
1424
1751
2078
2405
2732
3059
3386
3713
4040
4367
4694
5021
5348
5674
6001
6328
6655
6982
7309
7636
7963
8290
8617
8944
9271
9598
9925
10252
10579
10905
11232
11559
11886
12213
12035
11708
11381
11054
10727
10400
10073
9746
9419
9092
8765
8439
8112
7785
7458
7131
6804
6477
6150
5823
5496
5169
4842
4515
4188
3861
3535
3208
2881
2554
2227
1900
1573
1246
919
592
265
-62
-389
-716
-1043
-1370
-1696
-2023
-2350
-2677
-3004
-3331
-3658
-3985
-3881
-3554
-3227
-2900
-2573
-2246
-1919
-1592
-1266
-939
-612
-285
42
369
696
1023
1350
1677
2004
2331
2658
2985
3312
3639
3965
4292
4619
4946
5273
5600
5927
6254
6581
6908
7235
7562
7889
8216
8543
8870
9196
9523
9850
10177
10504
10831
11158
11485
11812
12139
12109
11782
11455
11128
10801
10474
10148
9821
9494
9167
8840
8513
8186
7859
7532
7205
6878
6551
6224
5897
5570
5243
4917
4590
4263
3936
3609
3282
2955
2628
2301
1974
1647
1320
993
666
339
13
-314
-641
-968
-1295
-1622
-1949
-2276
-2603
-2930
-3257
-3584
-3911
-3955
-3628
-3301
-2975
-2648
-2321
-1994
-1667
-1340
-1013
-686
-359
-32
295
622
949
1276
1603
1930
2256
2583
2910
3237
3564
3891
4218
4545
4872
5199
5526
5853
6180
6507
6834
7161
7487
7814
8141
8468
8795
9122
9449
9776
10103
10430
10757
11084
11411
11738
12065
12183
11857
11530
11203
10876
10549
10222
9895
9568
9241
8914
8587
8260
7933
7606
7279
6952
6626
6299
5972
5645
5318
4991
4664
4337
4010
3683
3356
3029
2702
2375
2048
1721
1395
1068
741
414
87
-240
-567
-894
-1221
-1548
-1875
-2202
-2529
-2856
-3183
-3509
-3836
-4030
-3703
-3376
-3049
-2722
-2395
-2068
-1741
-1414
-1087
-760
-433
-106
221
547
874
1201
1528
1855
2182
2509
2836
3163
3490
3817
4144
4471
4798
5125
5452
5778
6105
6432
6759
7086
7413
7740
8067
8394
8721
9048
9375
9702
10029
10356
10683
11009
11336
11663
11990
12258
11931
11604
11277
10950
10623
10296
9969
9642
9315
8988
8661
8335
8008
7681
7354
7027
6700
6373
6046
5719
5392
5065
4738
4411
4084
3757
3430
3104
2777
2450
2123
1796
1469
1142
815
488
161
-166
-493
-820
-1147
-1474
-1801
-2127
-2454
-2781
-3108
-3435
-3762
-4089
-3777
-3450
-3123
-2796
-2469
-2142
-1815
-1488
-1161
-835
-508
-181
146
473
800
1127
1454
1781
2108
2435
2762
3089
3416
3743
4069
4396
4723
5050
5377
5704
6031
6358
6685
7012
7339
7666
7993
8320
8647
8974
9300
9627
9954
10281
10608
10935
11262
11589
11916
12243
12005
11678
11351
11024
10697
10370
10044
9717
9390
9063
8736
8409
8082
7755
7428
7101
6774
6447
6120
5793
5466
5139
4813
4486
4159
3832
3505
3178
2851
2524
2197
1870
1543
1216
889
562
235
-92
-418
-745
-1072
-1399
-1726
-2053
-2380
-2707
-3034
-3361
-3688
-4015
-3851
-3524
-3197
-2870
-2544
-2217
-1890
-1563
-1236
-909
-582
-255
72
399
726
1053
1380
1707
2034
2361
2687
3014
3341
3668
3995
4322
4649
4976
5303
5630
5957
6284
6611
6938
7265
7591
7918
8245
8572
8899
9226
9553
9880
10207
10534
10861
11188
11515
11842
12169
12079
11753
11426
11099
10772
10445
10118
9791
9464
9137
8810
8483
8156
7829
7502
7175
6848
6522
6195
5868
5541
5214
4887
4560
4233
3906
3579
3252
2925
2598
2271
1944
1617
1291
964
637
310
-17
-344
-671
-998
-1325
-1652
-1979
-2306
-2633
-2960
-3287
-3614
-3940
-3926
-3599
-3272
-2945
-2618
-2291
-1964
-1637
-1310
-983
-656
-329
-2
325
652
978
1305
1632
1959
2286
2613
2940
3267
3594
3921
4248
4575
4902
5229
5556
5883
6209
6536
6863
7190
7517
7844
8171
8498
8825
9152
9479
9806
10133
10460
10787
11113
11440
11767
12094
12154
11827
11500
11173
10846
10519
10192
9865
9538
9211
8884
8557
8231
7904
7577
7250
6923
6596
6269
5942
5615
5288
4961
4634
4307
3980
3653
3326
3000
2673
2346
2019
1692
1365
1038
711
384
57
-270
-597
-924
-1251
-1578
-1905
-2231
-2558
-2885
-3212
-3539
-3866
-4000
-3673
-3346
-3019
-2692
-2365
-2038
-1711
-1384
-1057
-731
-404
-77
250
577
904
1231
1558
1885
2212
2539
2866
3193
3520
3847
4174
4500
4827
5154
5481
5808
6135
6462
6789
7116
7443
7770
8097
8424
8751
9078
9405
9731
10058
10385
10712
11039
11366
11693
12020
12228
11901
11574
11247
10920
10593
10266
9939
9613
9286
8959
8632
8305
7978
7651
7324
6997
6670
6343
6016
5689
5362
5035
4709
4382
4055
3728
3401
3074
2747
2420
2093
1766
1439
1112
785
458
131
-196
-522
-849
-1176
-1503
-1830
-2157
-2484
-2811
-3138
-3465
-3792
-4074
-3747
-3420
-3093
-2766
-2440
-2113
-1786
-1459
-1132
-805
-478
-151
176
503
830
1157
1484
1811
2138
2465
2791
3118
3445
3772
4099
4426
4753
5080
5407
5734
6061
6388
6715
7042
7369
7696
8022
8349
8676
9003
9330
9657
9984
10311
10638
10965
11292
11619
11946
12273
11975
11648
11322
10995
10668
10341
10014
9687
9360
9033
8706
8379
8052
7725
7398
7071
6744
6417
6091
5764
5437
5110
4783
4456
4129
3802
3475
3148
2821
2494
2167
1840
1513
1187
860
533
206
-121
-448
-775
-1102
-1429
-1756
-2083
-2410
-2737
-3064
-3391
-3718
-4044
-3822
-3495
-3168
-2841
-2514
-2187
-1860
-1533
-1206
-879
-552
-225
102
429
756
1082
1409
1736
2063
2390
2717
3044
3371
3698
4025
4352
4679
5006
5333
5660
5987
6313
6640
6967
7294
7621
7948
8275
8602
8929
9256
9583
9910
10237
10564
10891
11218
11544
11871
12198
12050
11723
11396
11069
10742
10415
10088
9761
9434
9107
8780
8453
8126
7800
7473
7146
6819
6492
6165
5838
5511
5184
4857
4530
4203
3876
3549
3222
2895
2569
2242
1915
1588
1261
934
607
280
-47
-374
-701
-1028
-1355
-1682
-2009
-2335
-2662
-2989
-3316
-3643
-3970
-3896
-3569
-3242
-2915
-2588
-2261
-1934
-1607
-1280
-953
-627
-300
27
354
681
1008
1335
1662
1989
2316
2643
2970
3297
3624
3951
4278
4604
4931
5258
5585
5912
6239
6566
6893
7220
7547
7874
8201
8528
8855
9182
9509
9835
10162
10489
10816
11143
11470
11797
12124
12124
11797
11470
11143
10816
10489
10162
9835
9509
9182
8855
8528
8201
7874
7547
7220
6893
6566
6239
5912
5585
5258
4931
4604
4278
3951
3624
3297
2970
2643
2316
1989
1662
1335
1008
681
354
27
-300
-627
-953
-1280
-1607
-1934
-2261
-2588
-2915
-3242
-3569
-3896
-3970
-3643
-3316
-2989
-2662
-2335
-2009
-1682
-1355
-1028
-701
-374
-47
280
607
934
1261
1588
1915
2242
2569
2895
3222
3549
3876
4203
4530
4857
5184
5511
5838
6165
6492
6819
7146
7473
7800
8126
8453
8780
9107
9434
9761
10088
10415
10742
11069
11396
11723
12050
12198
11871
11544
11218
10891
10564
10237
9910
9583
9256
8929
8602
8275
7948
7621
7294
6967
6640
6313
5987
5660
5333
5006
4679
4352
4025
3698
3371
3044
2717
2390
2063
1736
1409
1082
756
429
102
-225
-552
-879
-1206
-1533
-1860
-2187
-2514
-2841
-3168
-3495
-3822
-4044
-3718
-3391
-3064
-2737
-2410
-2083
-1756
-1429
-1102
-775
-448
-121
206
533
860
1187
1513
1840
2167
2494
2821
3148
3475
3802
4129
4456
4783
5110
5437
5764
6091
6417
6744
7071
7398
7725
8052
8379
8706
9033
9360
9687
10014
10341
10668
10995
11322
11648
11975
12273
11946
11619
11292
10965
10638
10311
9984
9657
9330
9003
8676
8349
8022
7696
7369
7042
6715
6388
6061
5734
5407
5080
4753
4426
4099
3772
3445
3118
2791
2465
2138
1811
1484
1157
830
503
176
-151
-478
-805
-1132
-1459
-1786
-2113
-2440
-2766
-3093
-3420
-3747
-4074
-3792
-3465
-3138
-2811
-2484
-2157
-1830
-1503
-1176
-849
-522
-196
131
458
785
1112
1439
1766
2093
2420
2747
3074
3401
3728
4055
4382
4709
5035
5362
5689
6016
6343
6670
6997
7324
7651
7978
8305
8632
8959
9286
9613
9939
10266
10593
10920
11247
11574
11901
12228
12020
11693
11366
11039
10712
10385
10058
9731
9405
9078
8751
8424
8097
7770
7443
7116
6789
6462
6135
5808
5481
5154
4827
4500
4174
3847
3520
3193
2866
2539
2212
1885
1558
1231
904
577
250
-77
-404
-731
-1057
-1384
-1711
-2038
-2365
-2692
-3019
-3346
-3673
-4000
-3866
-3539
-3212
-2885
-2558
-2231
-1905
-1578
-1251
-924
-597
-270
57
384
711
1038
1365
1692
2019
2346
2673
3000
3326
3653
3980
4307
4634
4961
5288
5615
5942
6269
6596
6923
7250
7577
7904
8231
8557
8884
9211
9538
9865
10192
10519
10846
11173
11500
11827
12154
12094
11767
11440
11113
10787
10460
10133
9806
9479
9152
8825
8498
8171
7844
7517
7190
6863
6536
6209
5883
5556
5229
4902
4575
4248
3921
3594
3267
2940
2613
2286
1959
1632
1305
978
652
325
-2
-329
-656
-983
-1310
-1637
-1964
-2291
-2618
-2945
-3272
-3599
-3926
-3940
-3614
-3287
-2960
-2633
-2306
-1979
-1652
-1325
-998
-671
-344
-17
310
637
964
1291
1617
1944
2271
2598
2925
3252
3579
3906
4233
4560
4887
5214
5541
5868
6195
6522
6848
7175
7502
7829
8156
8483
8810
9137
9464
9791
10118
10445
10772
11099
11426
11753
12079
12169
11842
11515
11188
10861
10534
10207
9880
9553
9226
8899
8572
8245
7918
7591
7265
6938
6611
6284
5957
5630
5303
4976
4649
4322
3995
3668
3341
3014
2687
2361
2034
1707
1380
1053
726
399
72
-255
-582
-909
-1236
-1563
-1890
-2217
-2544
-2870
-3197
-3524
-3851
-4015
-3688
-3361
-3034
-2707
-2380
-2053
-1726
-1399
-1072
-745
-418
-92
235
562
889
1216
1543
1870
2197
2524
2851
3178
3505
3832
4159
4486
4813
5139
5466
5793
6120
6447
6774
7101
7428
7755
8082
8409
8736
9063
9390
9717
10044
10370
10697
11024
11351
11678
12005
12243
11916
11589
11262
10935
10608
10281
9954
9627
9300
8974
8647
8320
7993
7666
7339
7012
6685
6358
6031
5704
5377
5050
4723
4396
4069
3743
3416
3089
2762
2435
2108
1781
1454
1127
800
473
146
-181
-508
-835
-1161
-1488
-1815
-2142
-2469
-2796
-3123
-3450
-3777
-4089
-3762
-3435
-3108
-2781
-2454
-2127
-1801
-1474
-1147
-820
-493
-166
161
488
815
1142
1469
1796
2123
2450
2777
3104
3430
3757
4084
4411
4738
5065
5392
5719
6046
6373
6700
7027
7354
7681
8008
8335
8661
8988
9315
9642
9969
10296
10623
10950
11277
11604
11931
12258
11990
11663
11336
11009
10683
10356
10029
9702
9375
9048
8721
8394
8067
7740
7413
7086
6759
6432
6105
5778
5452
5125
4798
4471
4144
3817
3490
3163
2836
2509
2182
1855
1528
1201
874
547
221
-106
-433
-760
-1087
-1414
-1741
-2068
-2395
-2722
-3049
-3376
-3703
-4030
-3836
-3509
-3183
-2856
-2529
-2202
-1875
-1548
-1221
-894
-567
-240
87
414
741
1068
1395
1721
2048
2375
2702
3029
3356
3683
4010
4337
4664
4991
5318
5645
5972
6299
6626
6952
7279
7606
7933
8260
8587
8914
9241
9568
9895
10222
10549
10876
11203
11530
11857
12183
12065
11738
11411
11084
10757
10430
10103
9776
9449
9122
8795
8468
8141
7814
7487
7161
6834
6507
6180
5853
5526
5199
4872
4545
4218
3891
3564
3237
2910
2583
2256
1930
1603
1276
949
622
295
-32
-359
-686
-1013
-1340
-1667
-1994
-2321
-2648
-2975
-3301
-3628
-3955
-3911
-3584
-3257
-2930
-2603
-2276
-1949
-1622
-1295
-968
-641
-314
13
339
666
993
1320
1647
1974
2301
2628
2955
3282
3609
3936
4263
4590
4917
5243
5570
5897
6224
6551
6878
7205
7532
7859
8186
8513
8840
9167
9494
9821
10148
10474
10801
11128
11455
11782
12109
12139
11812
11485
11158
10831
10504
10177
9850
9523
9196
8870
8543
8216
7889
7562
7235
6908
6581
6254
5927
5600
5273
4946
4619
4292
3965
3639
3312
2985
2658
2331
2004
1677
1350
1023
696
369
42
-285
-612
-939
-1266
-1592
-1919
-2246
-2573
-2900
-3227
-3554
-3881
-3985
-3658
-3331
-3004
-2677
-2350
-2023
-1696
-1370
-1043
-716
-389
-62
265
592
919
1246
1573
1900
2227
2554
2881
3208
3535
3861
4188
4515
4842
5169
5496
5823
6150
6477
6804
7131
7458
7785
8112
8439
8765
9092
9419
9746
10073
10400
10727
11054
11381
11708
12035
12213
11886
11559
11232
10905
10579
10252
9925
9598
9271
8944
8617
8290
7963
7636
7309
6982
6655
6328
6001
5674
5348
5021
4694
4367
4040
3713
3386
3059
2732
2405
2078
1751
1424
1097
770
443
117
-210
-537
-864
-1191
-1518
-1845
-2172
-2499
-2826
-3153
-3480
-3807
-4059
-3732
-3405
-3079
-2752
-2425
-2098
-1771
-1444
-1117
-790
-463
-136
191
518
845
1172
1499
1826
2152
2479
2806
3133
3460
3787
4114
4441
4768
5095
5422
5749
6076
6403
6730
7057
7383
7710
8037
8364
8691
9018
9345
9672
9999
10326
10653
10980
11307
11634
11961